1186819688	426902
1186906088	428087
1186992488	429436
1187078888	430829
1187165288	432068
1187251688	433116
1187338088	434192
1187424488	435450
1187510888	436703
1187597288	437825
1187683688	439186
1187770088	440441
1187856488	442143
1187942888	443181
1188029288	444653
1188115688	445904
1188202088	447622
1188288488	448700
1188374888	466844
1188461288	475121
1188547688	478971
1188634088	481548
1188720488	483656
1188806888	485084
1188893288	486176
1188979688	496431
1189066088	1023804
1189152488	512857
1189238888	513843
1189325288	515428
1189411688	516649
1189498088	518032
1189584488	519000
1189670888	520748
1189757288	521494
1189843688	522932
1189930088	524165
1190016488	525845
1190102888	527231
1190189288	528005
1190275688	529712
1190362088	532199
1190448488	531408
1190534888	532412
1190621288	534034
1190707688	536421
1190794088	537795
1190880488	543204
1190966888	543232
1191053288	544959
1191139688	546839
1191226088	548673
1191312488	551596
1191398888	536193
1191485288	538112
1191571688	540427
1191658088	542190
1191744488	543967
1191830888	546206
1191917288	547805
1192003688	549506
1192090088	551106
1192176488	552668
1192262888	553934
1192349288	555928
1192435688	557597
1192522088	559002
1192608488	560877
1192694888	562148
1192781288	563453
1192867688	564718
1192954088	566278
1193040488	567719
1193126888	569305
1193213288	570803
1193299688	572183
1193386088	573285
1193472488	574746
1193558888	576288
1193645288	578172
1193731688	579762
1193818088	581348
1193904488	582483
1193990888	585523
1194077288	588357
1194163688	591223
1194250088	594087
1194336488	596750
1194422888	599255
1194509288	601556
1194595688	604745
1194682088	608448
1194768488	611272
1194854888	614735
1194941288	600504
1195027688	603374
1195114088	606563
1195200488	609097
1195286888	612305
1195373288	615904
1195459688	619030
1195546088	622751
1195632488	626633
1195718888	630137
1195805288	633748
1195891688	637286
1195978088	640793
1196064488	644455
1196150888	648082
1196237288	651725
1196323688	655673
1196410088	659313
1196496488	663835
1196582888	668616
1196669288	671784
1196755688	675943
1196842088	679581
1196928488	682898
1197014888	686265
1197101288	689318
1197187688	692966
1197274088	696508
1197360488	698036
1197446888	699528
1197533288	677797
1197619688	679183
1197706088	680666
1197792488	682216
1197878888	683305
1197965288	684476
1198051688	685620
1198138088	686687
1198224488	687792
1198310888	688883
1198397288	689888
1198483688	691263
1198570088	692446
1198656488	693652
1198742888	664885
1198829288	666434
1198915688	667742
1199002088	669350
1199088488	671014
1199174888	672169
1199261288	673522
1199347688	675350
1199434088	676905
1199520488	678597
1199606888	680362
1199693288	681652
1199779688	683249
1199866088	684510
1199952488	653357
1200038888	654526
1200125288	656562
1200211688	657658
1200298088	659551
1200384488	661672
1200470888	663040
1200557288	665128
1200643688	666923
1200730088	668369
1200816488	670176
1200902888	671979
1200989288	674151
1201075688	675637
1201162088	673097
1201248488	674888
1201334888	676625
1201421288	678148
1201507688	679925
1201594088	681938
1201680488	683458
1201766888	684528
1201853288	685871
1201939688	687376
1202026088	688929
1202112488	690268
1202198888	692069
1202285288	693699
1202371688	690660
1202458088	692135
1202544488	693576
1202630888	694956
1202717288	696842
1202803688	698780
1202890088	700383
1202976488	701754
1203062888	703416
1203149288	704909
1203235688	706106
1203322088	708440
1203408488	710131
1203494888	711955
1203581288	709801
1203667688	711394
1203754088	712922
1203840488	714528
1203926888	716447
1204013288	717925
1204099688	719503
1204186088	721359
1204272488	722527
1204358888	723931
1204445288	725353
1204531688	727187
1204618088	728643
1204704488	726482
1204790888	725464
1204877288	726945
1204963688	728391
1205050088	729952
1205136488	731918
1205222888	733386
1205309288	734981
1205395688	736869
1205482088	738922
1205568488	740265
1205654888	742049
1205741288	743455
1205827688	745342
1205914088	747839
1206000488	745948
1206086888	746699
1206173288	748043
1206259688	749257
1206346088	752702
1206432488	755022
1206518888	756215
1206605288	757854
1206691688	765557
1206778088	764078
1206864488	765769
1206950888	769534
1207037288	771385
1207123688	772435
1207210088	770310
1207296488	772032
1207382888	773956
1207469288	775696
1207555688	777793
1207642088	779662
1207728488	781677
1207814888	783586
1207901288	785356
1207987688	787549
1208074088	789519
1208160488	791250
1208246888	792719
1208333288	794492
1208419688	792557
1208506088	794296
1208592488	796079
1208678888	797779
1208765288	799626
1208851688	801626
1208938088	803829
1209024488	805878
1209110888	807866
1209197288	809561
1209283688	811199
1209370088	812979
1209456488	815034
1209542888	817993
1209629288	817195
1209715688	819039
1209802088	820814
1209888488	822579
1209974888	824306
1210061288	826402
1210147688	829337
1210234088	831697
1210320488	834156
1210406888	836608
1210493288	838909
1210579688	841537
1210666088	844160
1210752488	847227
1210838888	846685
1210925288	849953
1211011688	852104
1211098088	854540
1211184488	857414
1211270888	859063
1211357288	861543
1211443688	864781
1211530088	868063
1211616488	870999
1211702888	873497
1211789288	876133
1211875688	879287
1211962088	887967
1212048488	888109
1212134888	891674
1212221288	895939
1212307688	899352
1212394088	908744
1212480488	913116
1212566888	917103
1212653288	920835
1212739688	925163
1212826088	929022
1212912488	932957
1212998888	937986
1213085288	940062
1213171688	945100
1213258088	946002
1213344488	950582
1213430888	954336
1213517288	958325
1213603688	962942
1213690088	970542
1213776488	975100
1213862888	979653
1213949288	983858
1214035688	987620
1214122088	991426
1214208488	996053
1214294888	1001321
1214381288	1006412
1214467688	1011755
1214554088	1013088
1214640488	1017750
1214726888	1021868
1214813288	1026432
1214899688	1030922
1214986088	1036025
1215072488	1040455
1215158888	1044953
1215245288	1048740
1215331688	1053078
1215418088	1058311
1215504488	1063309
1215590888	1068685
1215677288	1070028
1215763688	1075483
1215850088	1079877
1215936488	1084482
1216022888	1090117
1216109288	1095764
1216195688	1101828
1216282088	1107983
1216368488	1113366
1216454888	1117662
1216541288	1122013
1216627688	1127869
1216714088	1133792
1216800488	1139199
1216886888	1139005
1216973288	1144047
1217059688	1148905
1217146088	1152888
1217232488	1159859
1217318888	1165218
1217405288	1171179
1217491688	1177807
1217578088	1183174
1217664488	1186701
1217750888	1190600
1217837288	1195114
1217923688	1199313
1218010088	1203663
1218096488	1203945
1218182888	1207103
1218269288	1210382
1218355688	1214449
1218442088	1220690
1218528488	1224653
1218614888	1229473
1218701288	1233855
1218787688	1237752
1218874088	1241399
1218960488	1245063
1219046888	1249348
1219133288	1254701
1219219688	1259072
1219306088	1256254
1219392488	1260900
1219478888	1264352
1219565288	1268066
1219651688	2548703
1219738088	1280686
1219824488	1285263
1219910888	1289717
1219997288	1293365
1220083688	1296983
1220170088	1300484
1220256488	1304580
1220342888	1305069
1220429288	1309226
1220515688	1306389
1220602088	1310497
1220688488	1314621
1220774888	1318251
1220861288	1322961
1220947688	1326981
1221034088	1330643
1221120488	1335490
1221206888	1339754
1221293288	1344229
1221379688	1348275
1221466088	1352611
1221552488	1357218
1221638888	1360793
1221725288	1359199
1221811688	1363170
1221898088	1367313
1221984488	1371511
1222070888	1376500
1222157288	1382037
1222243688	1386645
1222330088	1390710
1222416488	1395391
1222502888	1399960
1222589288	1403926
1222675688	1408522
1222762088	1413299
1222848488	1417525
1222934888	1416563
1223021288	1420552
1223107688	1424406
1223194088	1428446
1223280488	1433593
1223366888	1438351
1223453288	1443351
1223539688	1448730
1223626088	1453585
1223712488	1457475
1223798888	1462153
1223885288	1467533
1223971688	1472288
1224058088	1477729
1224144488	1477031
1224230888	1481945
1224317288	1486266
1224403688	1491185
1224490088	1497394
1224576488	1503710
1224662888	1509159
1224749288	1514626
1224835688	1520409
1224922088	1525482
1225008488	1530210
1225094888	1535623
1225181288	1541626
1225267688	1547198
1225354088	1545571
1225440488	1551400
1225526888	1556620
1225613288	1562160
1225699688	1569164
1225786088	1575297
1225872488	1581259
1225958888	1587274
1226045288	1593938
1226131688	1599185
1226218088	1604689
1226304488	1611707
1226390888	1618046
1226477288	1624182
1226563688	1621947
1226650088	1627842
1226736488	1633564
1226822888	1639965
1226909288	1646480
1226995688	1652877
1227082088	1660537
1227168488	1666877
1227254888	1672771
1227341288	1679359
1227427688	1685123
1227514088	1691762
1227600488	1698099
1227686888	1705354
1227773288	1703060
1227859688	1709749
1227946088	1716071
1228032488	1722272
1228118888	1730107
1228205288	1737684
1228291688	1745104
1228378088	1754023
1228464488	1764074
1228550888	1770190
1228637288	1776163
1228723688	1782927
1228810088	1789281
1228896488	1796174
1228982888	1791987
1229069288	1798170
1229155688	1803758
1229242088	1809590
1229328488	1816710
1229414888	1822856
1229501288	1829588
1229587688	1836555
1229674088	1843060
1229760488	1848842
1229846888	1854358
1229933288	1861807
1230019688	1868360
1230106088	1875225
1230192488	1869047
1230278888	1875506
1230365288	1882413
1230451688	1888467
1230538088	1895791
1230624488	1902728
1230710888	1910293
1230797288	1915536
1230883688	1923617
1230970088	1930412
1231056488	1937179
1231142888	1945437
1231229288	1953762
1231315688	1959193
1231402088	1955936
1231488488	1963287
1231574888	1969667
1231661288	1976691
1231747688	1983601
1231834088	1993410
1231920488	2001358
1232006888	2009194
1232093288	2017885
1232179688	2023882
1232266088	2030367
1232352488	2038799
1232438888	2046612
1232525288	2053788
1232611688	2051731
1232698088	2059220
1232784488	2066022
1232870888	2074039
1232957288	2081224
1233043688	2088726
1233130088	2096781
1233216488	2105456
1233302888	2113667
1233389288	2121900
1233475688	2130043
1233562088	2138762
1233648488	2146879
1233734888	2155475
1233821288	2150995
1233907688	2161033
1233994088	2168538
1234080488	2174966
1234166888	2183649
1234253288	2192375
1234339688	2201489
1234426088	2208691
1234512488	2216541
1234598888	2224388
1234685288	2231669
1234771688	2239928
1234858088	2248578
1234944488	2257014
1235030888	2253361
1235117288	2261923
1235203688	2270093
1235290088	2277553
1235376488	2286678
1235462888	2296477
1235549288	2310800
1235635688	2319112
1235722088	2327473
1235808488	2335509
1235894888	2343598
1235981288	2352423
1236067688	2361395
1236154088	2370309
1236240488	2364918
1236326888	2374433
1236413288	2382161
1236499688	2389952
1236586088	2399854
1236672488	2409411
1236758888	2419255
1236845288	2428531
1236931688	2438155
1237018088	2445441
1237104488	2453632
1237190888	2464531
1237277288	2465023
1237363688	2475405
1237450088	2471425
1237536488	2482345
1237622888	2490682
1237709288	2498946
1237795688	2509663
1237882088	2519702
1237968488	2529815
1238054888	2538934
1238141288	2547809
1238227688	2557143
1238314088	2565556
1238400488	2575013
1238486888	2585679
1238573288	2596646
1238659688	2591381
1238746088	2599418
1238832488	2607731
1238918888	2616199
1239005288	2633009
1239091688	2634681
1239178088	2646326
1239264488	2657241
1239350888	2667976
1239437288	2677246
1239523688	2686282
1239610088	2698319
1239696488	2707811
1239782888	2718175
1239869288	2712456
1239955688	2723980
1240042088	2732967
1240128488	2743572
1240214888	2755208
1240301288	2766877
1240387688	2777864
1240474088	2789417
1240560488	2801873
1240646888	2811689
1240733288	2819906
1240819688	2832215
1240906088	2842489
1240992488	2869845
1241078888	2877736
1241165288	2868593
1241251688	2878159
1241338088	2889257
1241424488	2905747
1241510888	2917069
1241597288	2929521
1241683688	2940432
1241770088	2951236
1241856488	2960920
1241942888	2969087
1242029288	2978823
1242115688	2990499
1242202088	3001735
1242288488	2991827
1242374888	3002047
1242461288	3012406
1242547688	3023053
1242634088	3031300
1242720488	3044647
1242806888	3057112
1242893288	3068214
1242979688	3079900
1243066088	3090576
1243152488	3100474
1243238888	3111097
1243325288	3123419
1243411688	3135148
1243498088	3124172
1243584488	3134969
1243670888	3145706
1243757288	3156861
1243843688	3169048
1243930088	3181933
1244016488	3195799
1244102888	3208416
1244189288	3224004
1244275688	3238145
1244362088	3251572
1244448488	3260768
1244534888	3275089
1244621288	3292978
1244707688	3273551
1244794088	3285074
1244880488	3296699
1244966888	3308224
1245053288	3315153
1245139688	3325192
1245226088	3339024
1245312488	3352411
1245398888	3364429
1245485288	3376550
1245571688	3387307
1245658088	3388814
1245744488	3401114
1245830888	3413656
1245917288	3398391
1246003688	3400429
1246090088	3426600
1246176488	3450960
1246262888	3459394
1246349288	3470840
1246435688	3482395
1246522088	3452022
1246608488	3430894
1246694888	3439968
1246781288	3449651
1246867688	3456764
1246954088	3468757
1247040488	3480387
1247126888	3463151
1247213288	3474357
1247299688	3484561
1247386088	3495604
1247472488	3502808
1247558888	3513708
1247645288	3527260
1247731688	3538348
1247818088	3550833
1247904488	3560080
1247990888	3568836
1248077288	3576721
1248163688	3588069
1248250088	3600476
1248336488	3576024
1248422888	3587263
1248509288	3595430
1248595688	3604724
1248682088	3613549
1248768488	3624129
1248854888	3635619
1248941288	3646818
1249027688	3656941
1249114088	3664727
1249200488	3673613
1249286888	3681120
1249373288	3690091
1249459688	3700152
1249546088	3673768
1249632488	3684323
1249718888	3693045
1249805288	3702345
1249891688	3709602
1249978088	3720859
1250064488	3729231
1250150888	3739521
1250237288	3749174
1250323688	3758013
1250410088	3766028
1250496488	3774983
1250582888	3785855
1250669288	3796135
1250755688	3770045
1250842088	3779249
1250928488	3788064
1251014888	3797479
1251101288	3805592
1251187688	3816262
1251274088	3828185
1251360488	3838445
1251446888	3849034
1251533288	3859530
1251619688	3869701
1251706088	3878890
1251792488	3890374
1251878888	3901340
1251965288	3878139
1252051688	3889027
1252138088	3897977
1252224488	3907277
1252310888	3915867
1252397288	3927739
1252483688	3937977
1252570088	3948348
1252656488	3959945
1252742888	3969001
1252829288	3978463
1252915688	3989294
1253002088	3999338
1253088488	4009794
1253174888	3984129
1253261288	3994527
1253347688	4002056
1253434088	4010018
1253520488	4018100
1253606888	4027892
1253693288	4039201
1253779688	4049361
1253866088	4060539
1253952488	4070102
1254038888	4080068
1254125288	4089270
1254211688	4101718
1254298088	4112128
1254384488	4087957
1254470888	4098630
1254557288	4108579
1254643688	4118911
1254730088	4128891
1254816488	4140131
1254902888	4150356
1254989288	4161485
1255075688	4171788
1255162088	4179382
1255248488	4189312
1255334888	4199240
1255421288	4210592
1255507688	4222116
1255594088	4198596
1255680488	4209126
1255766888	4218734
1255853288	4229482
1255939688	4239533
1256026088	4250391
1256112488	4261807
1256198888	4273743
1256285288	4284393
1256371688	4293749
1256458088	4303236
1256544488	4312984
1256630888	4325398
1256717288	4337245
1256803688	4324634
1256890088	4335270
1256976488	4345418
1257062888	4355017
1257149288	4364057
1257235688	4375736
1257322088	4387569
1257408488	4399127
1257494888	4410468
1257581288	4420606
1257667688	4431006
1257754088	4440585
1257840488	4452067
1257926888	4464396
1258013288	4450698
1258099688	4459772
1258186088	4469944
1258272488	4479589
1258358888	4488092
1258445288	4500342
1258531688	4511680
1258618088	4523039
1258704488	4533464
1258790888	4543763
1258877288	4554934
1258963688	4564257
1259050088	4576659
1259136488	4587733
1259222888	4572051
1259309288	4582036
1259395688	4591559
1259482088	4601454
1259568488	4611066
1259654888	4622977
1259741288	4634484
1259827688	4645406
1259914088	4657024
1260000488	4667944
1260086888	4678116
1260173288	4687427
1260259688	4699379
1260346088	4753344
1260432488	4772755
1260518888	4789670
1260605288	4800287
1260691688	4810362
1260778088	4820889
1260864488	4853275
1260950888	4865234
1261037288	4877742
1261123688	4888519
1261210088	4899366
1261296488	4910009
1261382888	4921094
1261469288	4933650
1261555688	4947262
1261642088	4933747
1261728488	4942429
1261814888	4953660
1261901288	4964978
1261987688	4977092
1262074088	4989146
1262160488	5002604
1262246888	5013809
1262333288	5023843
1262419688	5035174
1262506088	5046732
1262592488	5055942
1262678888	5068553
1262765288	5079342
1262851688	5067256
1262938088	5079727
1263024488	5090754
1263110888	5102105
1263197288	5113562
1263283688	5125834
1263370088	5139663
1263456488	5152057
1263542888	5163178
1263629288	5175326
1263715688	5185958
1263802088	5195705
1263888488	5209395
1263974888	5220935
1264061288	5207051
1264147688	5219414
1264234088	5230369
1264320488	5241856
1264406888	5252917
1264493288	5266310
1264579688	5278859
1264666088	5290347
1264752488	5303870
1264838888	5314988
1264925288	5327227
1265011688	5338684
1265098088	5356971
1265184488	5375378
1265270888	5365524
1265357288	5383336
1265443688	5399261
1265530088	5416999
1265616488	5434223
1265702888	5455759
1265789288	5477288
1265875688	5497390
1265962088	5519264
1266048488	5539304
1266134888	5560395
1266221288	5578175
1266307688	5602922
1266394088	5632654
1266480488	5629823
1266566888	5652798
1266653288	5672660
1266739688	5692666
1266826088	5713901
1266912488	5737073
1266998888	5745046
1267085288	5781135
1267171688	5813744
1267258088	5832644
1267344488	5850349
1267430888	5868983
1267517288	5889997
1267603688	5909569
1267690088	5903493
1267776488	5934965
1267862888	5966098
1267949288	5984511
1268035688	6009125
1268122088	5977482
1268208488	5994495
1268294888	6050649
1268381288	6071135
1268467688	6089769
1268554088	6107753
1268640488	6125986
1268726888	6147617
1268813288	6170594
1268899688	6180690
1268986088	6169128
1269072488	6187433
1269158888	6205343
1269245288	6223450
1269331688	6245441
1269418088	6265046
1269504488	6285441
1269590888	6308043
1269677288	6329877
1269763688	6350896
1269850088	6372537
1269936488	6400300
1270022888	6425206
1270109288	6411102
1270195688	6473822
1270282088	6518712
1270368488	6551437
1270454888	6570407
1270541288	6607094
1270627688	6651262
1270714088	6698371
1270800488	6744706
1270886888	6791486
1270973288	6836629
1271059688	6867974
1271146088	6909345
1271232488	6943165
1271318888	6947460
1271405288	7013603
1271491688	7070255
1271578088	7126240
1271664488	7169724
1271750888	7226037
1271837288	7302695
1271923688	7176874
1272010088	7334504
1272096488	7389591
1272182888	7448841
1272269288	7489541
1272355688	7489486
1272442088	7519420
1272528488	7516972
1272614888	7546576
1272701288	7574428
1272787688	7604261
1272874088	7502667
1272960488	7535749
1273046888	7569256
1273133288	7601456
1273219688	7634164
1273306088	7666039
1273392488	7693874
1273478888	7713376
1273565288	7749069
1273651688	7809192
1273738088	7830989
1273824488	7885030
1273910888	7937113
1273997288	7985779
1274083688	8027399
1274170088	8084340
1274256488	8140804
1274342888	8199295
1274429288	8255893
1274515688	8304161
1274602088	8355766
1274688488	8397635
1274774888	8454795
1274861288	8512656
1274947688	8538930
1275034088	8595327
1275120488	8638889
1275206888	8707767
1275293288	8740233
1275379688	8797888
1275466088	8850577
1275552488	8910216
1275638888	8964682
1275725288	9012734
1275811688	9062088
1275898088	9105522
1275984488	9164482
1276070888	9222016
1276157288	9268206
1276243688	9319829
1276330088	9368542
1276416488	9416682
1276502888	9455583
1276589288	9513335
1276675688	9570152
1276762088	9621393
1276848488	9675820
1276934888	9710188
1277021288	9759600
1277107688	9800393
1277194088	9854689
1277280488	9909911
1277366888	9931748
1277453288	9982897
1277539688	10029189
1277626088	10076736
1277712488	10113279
1277798888	10169592
1277885288	10220174
1277971688	10277722
1278058088	10172266
1278144488	10218513
1278230888	10263742
1278317288	10299965
1278403688	10353741
1278490088	10405820
1278576488	10428947
1278662888	10477428
1278749288	10523192
1278835688	10569117
1278922088	10580344
1279008488	10633468
1279094888	10694718
1279181288	10744308
1279267688	10792657
1279354088	10843457
1279440488	10892700
1279526888	10928362
1279613288	10981716
1279699688	11032166
1279786088	11054414
1279872488	11105904
1279958888	11151583
1280045288	11197028
1280131688	11236370
1280218088	11288947
1280304488	11337534
1280390888	11362252
1280477288	11409050
1280563688	11449733
1280650088	11489248
1280736488	11520937
1280822888	11566236
1280909288	11609145
1280995688	11651417
1281082088	11664524
1281168488	11703256
1281254888	11740862
1281341288	11772701
1281427688	11818815
1281514088	11860737
1281600488	11906521
1281686888	11946572
1281773288	11981916
1281859688	12018862
1281946088	12052378
1282032488	12096044
1282118888	12143282
1282205288	12185384
1282291688	12199770
1282378088	12237887
1282464488	12277785
1282550888	12312470
1282637288	12358673
1282723688	12409745
1282810088	12452408
1282896488	12493529
1282982888	12533293
1283069288	12572759
1283155688	12606309
1283242088	12649053
1283328488	12690848
1283414888	12726583
1283501288	12741257
1283587688	12776265
1283674088	12816013
1283760488	12851134
1283846888	12893541
1283933288	12940125
1284019688	12993865
1284106088	13040417
1284192488	13084453
1284278888	13128483
1284365288	13168123
1284451688	13216947
1284538088	13263751
1284624488	13312625
1284710888	13333163
1284797288	13381756
1284883688	13424432
1284970088	13464228
1285056488	13510533
1285142888	13576458
1285229288	13643940
1285315688	13674725
1285402088	13716232
1285488488	13759653
1285574888	13792084
1285661288	13839208
1285747688	13887546
1285834088	13901238
1285920488	13943033
1286006888	13984410
1286093288	14027308
1286179688	14062897
1286266088	14108992
1286352488	14156529
1286438888	14204543
1286525288	14249795
1286611688	14292309
1286698088	14335297
1286784488	14371516
1286870888	14420453
1286957288	14465844
1287043688	14492691
1287130088	14588021
1287216488	14533873
1287302888	14577354
1287389288	14613538
1287475688	14698412
1287562088	14522983
1287648488	14566669
1287734888	14613427
1287821288	14654527
1287907688	15003786
1287994088	15215830
1288080488	15263234
1288166888	15310408
1288253288	15337911
1288339688	15340784
1288426088	14899738
1288512488	14882150
1288598888	14915439
1288685288	14958383
1288771688	15005347
1288858088	15051040
1288944488	15039897
1289030888	15083688
1289117288	15128761
1289203688	15166702
1289290088	15213627
1289376488	15262146
1289549288	15346491
1289635688	15393190
1289722088	15440678
1289808488	15480581
1289894888	15526691
1289981288	15576936
1290067688	15630023
1290154088	15679097
1290240488	15727746
1290326888	15777616
1290413288	15817819
1290499688	15872722
1290586088	15924973
1290672488	15971471
1290758888	16019224
1290845288	16066295
1290931688	16116513
1291018088	16154462
1291104488	16211587
1291190888	11827051
1291277288	11769004
1291363688	12288724
1291450088	12439872
1291536488	12572528
1291622888	12610592
1291709288	12745177
1291795688	12750947
1291882088	12802174
1291968488	12849546
1292054888	12899336
1292141288	12951185
1292227688	12993444
1292314088	13044753
1292400488	13079830
1292486888	13152469
1292573288	13217189
1292659688	13275102
1292746088	13334674
1292832488	13385716
1292918888	13453235
1293005288	13522290
1293091688	13589803
1293178088	13660799
1293264488	13714767
1293350888	13766512
1293437288	13818670
1293523688	13887339
1293610088	13955680
1293696488	14027788
1293782888	14094321
1293869288	14145369
1293955688	14198885
1294042088	14245549
1294128488	14281320
1294214888	14223652
1294301288	14135038
1294387688	14208616
1294474088	13264181
1294560488	13163258
1294646888	13238102
1294733288	13187934
1294819688	13237573
1294906088	13297245
1294992488	13347542
1295078888	13396160
1295165288	13445815
1295251688	13488856
1295338088	13542187
1295424488	13630974
1295510888	14022180
1295597288	14073150
1295683688	14204405
1295770088	14254273
1295856488	14257391
1295942888	14315106
1296029288	14487727
1296115688	14626293
1296202088	14892720
1296288488	14980021
1296374888	15121727
1296461288	15164801
1296547688	15220685
1296634088	15278002
1296720488	15337375
1296806888	15392966
1296893288	15446408
1296979688	15502258
1297066088	15550547
1297152488	15612810
1297238888	15674680
1297325288	15735572
1297411688	15797069
1297498088	15854806
1297584488	15917919
1297670888	15975750
1297757288	16024979
1297843688	16078985
1297930088	16134921
1298016488	16189121
1298102888	16240968
1298189288	16294421
1298275688	16338025
1298362088	16395348
1298448488	16450902
1298534888	16503726
1298621288	16555845
1298707688	16606691
1298794088	16657420
1298880488	11282988
1298966888	11333675
1299226088	11485159
1299312488	11532549
1299398888	11580778
1299485288	11619167
1299571688	11670906
1299658088	11731526
1299744488	11782928
1299830888	11829264
1299917288	11875073
1300003688	11921924
1300090088	11568272
1300176488	11621649
1300262888	11673017
1300349288	11722652
1300435688	11771440
1300522088	11816307
1300608488	11862869
1300694888	11900394
1300781288	11950777
1300867688	12001272
1300954088	12051857
1301040488	12087190
1301126888	12130268
1301213288	12162212
1301299688	12198619
1301386088	12249958
1301472488	12298119
1301558888	12348392
1301645288	12396190
1301731688	12438820
1301818088	12484269
1301904488	12534892
1301990888	12598166
1302077288	12645526
1302163688	12691806
1302250088	12735081
1302336488	12778157
1302422888	12822561
1302509288	12861555
1302595688	12910322
1302682088	12958538
1302768488	13004135
1302854888	13048855
1302941288	13090491
1303027688	13133610
1303114088	13172277
1303200488	13219501
1303286888	13266808
1303373288	13313340
1303459688	13358354
1303546088	13401176
1303632488	13445163
1303718888	13482776
1303805288	13531560
1303891688	13579197
1303978088	13627596
1304064488	13673505
1304150888	13717346
1304237288	13760884
1304323688	13799217
1304410088	13845726
1304496488	13891977
1304582888	13936229
1304669288	13980925
1304755688	14022547
1304842088	14066094
1304928488	14102945
1305014888	14152228
1305101288	14201272
1305187688	14251038
1305274088	14296559
1305360488	14343275
1305446888	14392132
1305533288	14434711
1305619688	14485912
1305706088	14534614
1305792488	14584130
1305878888	14631783
1305965288	14675396
1306051688	14720586
1306138088	14763312
1306224488	14814599
1306310888	14864266
1306397288	14912707
1306483688	14959329
1306570088	15004151
1306656488	15049167
1306742888	15091748
1306829288	15142997
1306915688	15191678
1307002088	15242282
1307088488	15290013
1307174888	15334556
1307261288	15382423
1307347688	15423920
1307434088	15473691
1307520488	15524579
1307606888	15575539
1307693288	15624133
1307779688	15669628
1307866088	15717277
1307952488	15759462
1308038888	15811479
1308125288	15861551
1308211688	15911438
1308298088	15966028
1308384488	16012156
1308470888	16059145
1308557288	16100757
1308643688	16143573
1308730088	16196128
1308816488	16245643
1308902888	13756089
1308989288	13801930
1309075688	13848912
1309162088	11228529
1309248488	11281215
1309334888	11330834
1309421288	11379163
1309507688	11426779
1309594088	11470172
1309680488	11517634
1309766888	11558116
1309853288	11607389
1309939688	11658432
1310026088	11710165
1310112488	11758929
1310198888	11805916
1310285288	11852113
1310371688	11895161
1310458088	11946744
1310544488	11998719
1310630888	12051299
1310717288	12102993
1310803688	12149927
1310890088	12198392
1310976488	12242485
1311062888	12296465
1311149288	12347077
1311235688	12398334
1311322088	12448126
1311408488	12493637
1311494888	12541582
1311581288	12585682
1311667688	12637529
1311754088	12688333
1311840488	12738168
1311926888	12790097
1312013288	12840901
1312099688	12888124
1312186088	12928825
1312272488	12979774
1312358888	13031728
1312445288	13082845
1312531688	13130859
1312618088	13178398
1312704488	13228190
1312790888	13273147
1312877288	13328856
1312963688	13381493
1313050088	13433946
1313136488	13490349
1313222888	13540037
1313309288	13593383
1313395688	13637304
1313482088	13694322
1313568488	13750011
1313654888	13806531
1313741288	13859979
1313827688	13911086
1313914088	13963145
1314000488	14006693
1314086888	14069797
1314173288	14125258
1314259688	14178734
1314346088	14233165
1314432488	14285451
1314518888	14337765
1314605288	14383074
1314691688	14437434
1314778088	14492815
1314864488	14546187
1314950888	14601172
1315037288	14654765
1315123688	14708068
1315210088	14755610
1315296488	14811259
1315382888	14866768
1315469288	14921340
1315555688	14973605
1315642088	15024654
1315728488	15077005
1315814888	15133118
1315901288	15193742
1315987688	15243953
1316074088	15297143
1316160488	15332448
1316246888	15397955
1316333288	15452940
1316419688	15491654
1316506088	15552107
1316592488	15611578
1316678888	15671404
1316765288	15729273
1316851688	15784824
1316938088	15842098
1317024488	15891366
1317110888	15953241
1317197288	16014923
1317283688	16076022
1317370088	16135270
1317456488	16188797
1317542888	16245160
1317629288	16296096
1317715688	16357195
1317802088	16418453
1317888488	16477928
1317974888	16536889
1318061288	16592518
1318147688	16651152
1318234088	16703933
1318320488	16765400
1318406888	16826901
1318493288	16890017
1318579688	16951911
1318666088	17008897
1318752488	17067897
1318838888	17121484
1318925288	17183716
1319011688	17247355
1319098088	17312938
1319184488	17373058
1319270888	17429357
1319357288	17496554
1319443688	17553424
1319530088	17620959
1319616488	17667299
1319702888	17731054
1319789288	17793300
1319875688	17852778
1319962088	17914363
1320048488	17970209
1320134888	18026741
1320221288	18091467
1320307688	18157164
1320394088	18219814
1320480488	18277364
1320566888	18339420
1320653288	18391596
1320739688	18456046
1320826088	18520165
1320912488	18584280
1320998888	18645262
1321085288	18705797
1321171688	18768160
1321258088	18823074
1321344488	18890008
1321430888	18957460
1321517288	19021145
1321603688	19081463
1321690088	19139198
1321776488	19200204
1321862888	19257373
1321949288	19321002
1322035688	19386979
1322122088	19447718
1322208488	19508042
1322294888	19569034
1322381288	19631466
1322467688	19686070
1322554088	19752271
1322640488	19818836
1322726888	19880679
1322813288	19941236
1322899688	19998042
1322986088	20057409
1323072488	20111154
1323158888	20176875
1323245288	20233979
1323331688	20296415
1323418088	20356472
1323504488	20414918
1323590888	20477712
1323677288	20529685
1323763688	20595162
1323850088	20658198
1323936488	20720201
1324022888	20779489
1324109288	20835909
1324195688	20894108
1324282088	20944797
1324368488	21007755
1324454888	21069381
1324541288	21130244
1324627688	21189059
1324714088	21243300
1324800488	21288961
1324886888	21331821
1324973288	20801547
1325059688	20854711
1325146088	17847276
1325232488	17911365
1325318888	17970512
1325405288	18018821
1325491688	18067711
1325578088	18129463
1325664488	18189399
1325750888	18247631
1325837288	18295427
1325923688	15252910
1326010088	15311885
1326096488	15365792
1326182888	15212401
1326269288	15274263
1326355688	15335995
1326442088	15396850
1326528488	15455731
1326614888	15515819
1326701288	15572581
1326787688	15637161
1326874088	15700068
1326960488	15762273
1327046888	15825787
1327133288	15893620
1327219688	15954177
1327306088	16008114
1327392488	16070927
1327478888	16139283
1327565288	16208136
1327651688	16271651
1327738088	16329530
1327824488	16391588
1327910888	16446309
1327997288	16510458
1328083688	16572578
1328170088	16634476
1328256488	16392386
1328342888	16268015
1328429288	16328896
1328515688	16383303
1328602088	16449866
1328688488	16516617
1328774888	16579963
1328861288	16640428
1328947688	16701313
1329034088	16764795
1329120488	16824525
1329206888	16898309
1329293288	16956926
1329379688	17017106
1329466088	17077926
1329552488	17140576
1329638888	17201105
1329725288	17254542
1329811688	17318762
1329898088	17382054
1329984488	17443396
1330070888	17506373
1330157288	17545613
1330243688	17607344
1330330088	17655369
1330416488	17719886
1330502888	17784479
1330589288	17833753
1330675688	17880695
1330762088	17940062
1330848488	18008373
1330934888	18083202
1331021288	18143817
1331107688	18210380
1331194088	18273993
1331280488	18338895
1331366888	18403568
1331453288	18470279
1331539688	18532157
1331626088	18599459
1331712488	18666324
1331798888	18727404
1331885288	18794587
1331971688	18856703
1332058088	18921966
1332144488	18977959
1332230888	19044459
1332317288	19111806
1332403688	19178306
1332490088	19242224
1332576488	19304418
1332662888	19370637
1332749288	19427807
1332835688	19496643
1332922088	19566277
1333008488	19635040
1333094888	19702422
1333181288	19765781
1333267688	19832865
1333354088	19891595
1333440488	19958176
1333526888	19683095
1333613288	19746245
1333699688	19813172
1333786088	19910052
1333872488	19977138
1333958888	20038349
1334045288	20104209
1334131688	20176793
1334218088	20248280
1334304488	18797786
1334390888	18863358
1334477288	18935679
1334563688	19049420
1334650088	19127766
1334736488	19198997
1334822888	19331176
1334909288	19436962
1334995688	19507584
1335082088	19587441
1335168488	19654452
1335254888	18140043
1335341288	18216056
1335427688	18284879
1335514088	18352201
1335600488	18416181
1335686888	18483465
1335773288	18542774
1335859688	18614992
1335946088	18701661
1336032488	18761391
1336118888	18827706
1336205288	18890601
1336291688	18954840
1336378088	19013384
1336464488	18502766
1336550888	18567149
1336637288	18627298
1336723688	18680096
1336810088	18730359
1336896488	18781042
1336982888	18824933
1337069288	18879469
1337155688	18933553
1337242088	18985287
1337328488	19036696
1337414888	19073684
1337501288	19121438
1337587688	19159662
1337674088	19207288
1337760488	18813120
1337846888	18857657
1337933288	18898747
1338019688	18940100
1338106088	18980469
1338192488	19014989
1338278888	19060747
1338365288	19105709
1338451688	19148906
1338538088	19189832
1338624488	19226606
1338710888	19263523
1338797288	19294988
1338883688	19334852
1338970088	19373737
1339056488	19123193
1339142888	19178217
1339229288	19212913
1339315688	19248454
1339402088	19276802
1339488488	19312640
1339574888	18004936
1339661288	18042802
1339747688	18078899
1339834088	18111982
1339920488	18146312
1340006888	18172483
1340093288	18207030
1340179688	18241845
1340266088	18277064
1340352488	18063881
1340438888	18096171
1340525288	18128723
1340611688	18155168
1340698088	18192081
1340784488	18228361
1340870888	18264091
1340957288	18295482
1341043688	18327974
1341130088	18360467
1341216488	18385550
1341302888	18420438
1341389288	18454389
1341475688	18488320
1341562088	18521701
1341648488	18332286
1341734888	18364604
1341821288	18390816
1341907688	18426505
1341994088	18461131
1342080488	18494698
1342166888	18528400
1342253288	18559981
1342339688	18592794
1342426088	18618021
1342512488	18652450
1342598888	18687215
1342685288	18712830
1342771688	18739415
1342858088	18762256
1342944488	18787096
1343030888	18805614
1343117288	18611581
1343203688	18637531
1343290088	18664514
1343376488	18691160
1343462888	18716226
1343549288	18742143
1343635688	18768994
1343722088	18808336
1343808488	18834943
1343894888	18858245
1343981288	18894464
1344067688	18874551
1344154088	18902218
1344240488	18913273
1344326888	18754931
1344413288	18767971
1344499688	18780197
1344586088	18792261
1344672488	18803860
1344758888	18815591
1344845288	18827665
1344931688	18838496
1345018088	18845031
1345104488	18851025
1345190888	18856217
1345277288	18861834
1345363688	18867439
1345450088	18872306
1345536488	18877025
1345622888	18884128
1345709288	18901457
1345795688	18908897
1345882088	18915959
1345968488	18922330
1346054888	18927910
1346141288	18934912
1346227688	18958990
1346314088	19129783
1346400488	19135840
1346486888	19141868
1346573288	19148388
1346659688	19153791
1346746088	19160543
1346832488	19164002
1346918888	19170805
1347005288	19177207
1347091688	19183843
1347178088	19190168
1347264488	19195470
1347350888	19203209
1347437288	19200880
1347523688	17340044
1347610088	16207537
1347696488	16213201
1347782888	16219633
1347869288	16225289
1347955688	16232636
1348042088	16273290
1348128488	16315406
1348214888	16322451
1348301288	16328633
1348387688	16334561
1348474088	16340174
1348560488	16347110
1348646888	16353723
1348733288	16360064
1348819688	16366942
1348906088	16372944
1348992488	16379009
1349078888	16385707
1349165288	16403352
1349251688	16417107
1349338088	16436541
1349424488	16441686
1349510888	16448248
1349597288	16454295
1349683688	16459480
1349770088	16465893
1349856488	16472939
1349942888	16478746
1350029288	16485193
1350115688	16491514
1350202088	16497759
1350288488	16502757
1350374888	16510291
1350461288	16516185
1350547688	16522887
1350634088	16529391
1350720488	16534144
1350806888	16540101
1350893288	16545450
1350979688	16551526
1351066088	16558521
1351152488	16565466
1351238888	16572629
1351325288	14040598
1351411688	14047116
1351498088	14052682
1351584488	14042731
1351670888	14050108
1351757288	14056154
1351843688	14062293
1351930088	14068109
1352016488	14075384
1352102888	14080923
1352189288	14085653
1352275688	14092669
1352362088	14099596
1352448488	14105828
1352534888	14111448
1352621288	14118120
1352707688	14124203
1352794088	14130921
1352880488	14141413
1352966888	14144026
1353053288	14165954
1353139688	14118189
1353226088	14269931
1353312488	14252457
1353398888	14276646
1353485288	14235947
1353571688	14211790
1353658088	14218528
1353744488	14223937
1353830888	14231261
1353917288	14244616
1354003688	14136925
1354090088	14041243
1354176488	14043567
1354262888	14036012
1354349288	14042454
1354435688	14049073
1354522088	14011819
1354608488	14062513
1354694888	14112372
1354781288	14017551
1354867688	14111018
1354954088	14120212
1355040488	14126971
1355126888	14132093
1355213288	14139529
1355299688	14146105
1355386088	14152504
1355472488	14159164
1355558888	14165072
1355645288	14169892
1355731688	14175128
1355818088	14182290
1355904488	14186933
1355990888	14192542
1356077288	14199306
1356163688	14205321
1356250088	14211009
1356336488	14216367
1356422888	14221949
1356509288	14227456
1356595688	14234063
1356682088	14240012
1356768488	14246161
1356854888	14253670
1356941288	14259838
1357027688	14264782
1357114088	14294365
1357200488	14286535
1357286888	9050615
1357373288	8892266
1357459688	8897681
1357546088	8907470
1357632488	8904194
1357718888	8911216
1357805288	8867498
1357891688	8822641
1357978088	8817254
1358064488	8823120
1358150888	8816068
1358237288	8815916
1358323688	8822445
1358410088	8829843
1358496488	8889987
1358582888	9181082
1358669288	9111234
1358755688	8838934
1358842088	8846076
1358928488	9253043
1359014888	8854226
1359101288	8985809
1359187688	9021380
1359274088	8925741
1359360488	8985419
1359446888	9010916
1359533288	8990393
1359619688	8902016
1359706088	8675231
1359792488	8783251
1359878888	8557964
1359965288	8552504
1360051688	8836364
1360138088	8920160
1360224488	8554250
1360310888	8586936
1360397288	8523095
1360483688	8529619
1360570088	8597138
1360656488	8397063
1360742888	8399692
1360829288	8408171
1360915688	8413980
1361002088	8419693
1361088488	8426428
1361174888	8431842
1361261288	8478320
1361347688	8489475
1361434088	8495762
1361520488	8503765
1361606888	8509764
1361693288	8516457
1361779688	8521664
1361866088	8528992
1361952488	8535546
1362038888	8494343
1362125288	8358798
1362211688	8364319
1362298088	8370974
1362384488	8376517
1362470888	8382219
1362557288	8389038
1362643688	8395829
1362730088	8402438
1362816488	8408608
1362902888	8414491
1362989288	8419712
1363075688	8426081
1363162088	8433045
1363248488	8439378
1363334888	8445271
1363421288	8451604
1363507688	8457467
1363594088	8462485
1363680488	8467493
1363766888	8474061
1363853288	8480645
1363939688	8486880
1364026088	8492428
1364112488	8499770
1364198888	8504570
1364285288	8510743
1364371688	8516971
1364458088	8510224
1364544488	8507512
1364630888	8513493
1364717288	8519465
1364803688	8524352
1364890088	8531039
1364976488	8534764
1365062888	8541550
1365149288	8548461
1365235688	8554215
1365322088	8560276
1365408488	8564789
1365494888	8571650
1365581288	8577586
1365667688	8583575
1365754088	8588885
1365840488	8595401
1365926888	8601743
1366013288	8605091
1366099688	8611404
1366186088	8617903
1366272488	8622554
1366358888	8627785
1366445288	8633715
1366531688	8639236
1366618088	8643412
1366704488	8649224
1366790888	8655712
1366877288	8648434
1366963688	8644710
1367050088	8650243
1367136488	8655991
1367222888	8659644
1367309288	8652188
1367395688	8657730
1367482088	8663937
1367568488	8668712
1367654888	8674805
1367741288	8680214
1367827688	8684608
1367914088	8690592
1368000488	8696796
1368086888	8702782
1368173288	8708476
1368259688	8713597
1368346088	8719134
1368432488	8723439
1368518888	8729449
1368605288	8735262
1368691688	8741863
1368778088	8747472
1368864488	8752289
1368950888	8758215
1369037288	8762877
1369123688	8769115
1369210088	8775277
1369296488	8757367
1369382888	8760383
1369469288	8765840
1369555688	8771305
1369642088	8775781
1369728488	8782372
1369814888	8788293
1369901288	8794165
1369987688	8799992
1370074088	8805026
1370160488	8810565
1370246888	8814273
1370333288	8819315
1370419688	8825559
1370506088	8831914
1370592488	8838054
1370678888	8842819
1370765288	8848301
1370851688	8852288
1370938088	8858310
1371024488	8864374
1371110888	8869835
1371197288	8875397
1371283688	8880698
1371370088	8885566
1371456488	8889754
1371542888	8894105
1371629288	8899228
1371715688	8881564
1371802088	8881227
1371888488	8886916
1371974888	8892523
1372061288	8897516
1372147688	8904282
1372234088	8911263
1372320488	8917472
1372406888	8923088
1372493288	8928345
1372579688	8933454
1372666088	8945198
1372752488	8951433
1372838888	8959826
1372925288	8966072
1373011688	8970729
1373098088	8976400
1373184488	8981032
1373270888	8985388
1373357288	8987040
1373443688	8995129
1373530088	9000985
1373616488	9005874
1373702888	9010470
1373789288	9015695
1373875688	9019635
1373962088	9025313
1374048488	9029404
1374134888	9016502
1374221288	9013566
1374307688	9017742
1374394088	9023915
1374480488	9027216
1374566888	9033982
1374653288	9039611
1374739688	9045940
1374826088	9052030
1374912488	9056875
1374998888	9062167
1375085288	9066362
1375171688	9072337
1375258088	9077970
1375344488	9082050
1375430888	9087221
1375517288	9092207
1375603688	9097095
1375690088	9101011
1375776488	9106679
1375862888	9112153
1375949288	9117637
1376035688	9122741
1376122088	9128763
1376208488	9133984
1376294888	9138126
1376381288	9144343
1376467688	9150455
1376554088	9137481
1376640488	9134160
1376726888	9139598
1376813288	9144954
1376899688	9149363
1376986088	9155400
1377072488	9161588
1377158888	9167328
1377245288	9173215
1377331688	9179069
1377418088	9184400
1377504488	9188205
1377590888	9194153
1377677288	9200415
1377763688	9205883
1377850088	9211597
1377936488	9214340
1378022888	9220031
1378109288	9223916
1378195688	9230189
1378282088	9235998
1378368488	9241529
1378454888	9246349
1378541288	9251416
1378627688	9256680
1378714088	9260924
1378800488	9266859
1378886888	9272581
1378973288	9262394
1379059688	9255901
1379146088	9261170
1379232488	9267291
1379318888	9271221
1379405288	9275433
1379491688	9281031
1379578088	9287090
1379664488	9293197
1379750888	9299028
1379837288	9305097
1379923688	9308794
1380010088	9314892
1380096488	9321613
1380182888	9327552
1380269288	9333344
1380355688	9327025
1380442088	9332407
1380528488	9337019
1380614888	9341671
1380701288	9347971
1380787688	9353943
1380874088	9359165
1380960488	9365482
1381046888	9370885
1381133288	9375140
1381219688	9380736
1381306088	9386867
1381392488	9374341
1381478888	9356427
1381565288	9360688
1381651688	9365700
1381738088	9369915
1381824488	9373475
1381910888	9379591
1381997288	9348902
1382083688	9354873
1382170088	9360196
1382256488	9366634
1382342888	9370126
1382429288	9376174
1382515688	9382195
1382602088	9387621
1382688488	9392739
1382774888	9399351
1382861288	9408152
1382947688	9412408
1383034088	9417612
1383120488	9421465
1383206888	9426962
1383293288	9431853
1383379688	9436567
1383466088	9442363
1383552488	9447405
1383638888	9452703
1383725288	9457509
1383811688	9444486
1383898088	9420249
1383984488	9423962
1384070888	9428970
1384157288	9432894
1384243688	9438849
1384330088	9444795
1384416488	9449987
1384502888	9455858
1384589288	9461357
1384675688	9466781
1384762088	9471955
1384848488	9477641
1384934888	9483673
1385021288	9489788
1385107688	9495579
1385194088	9501387
1385280488	9506559
1385366888	9511268
1385453288	9517139
1385539688	9523804
1385626088	9529392
1385712488	9533321
1385798888	9538842
1385885288	9544015
1385971688	9548350
1386058088	9554039
1386144488	9559383
1386230888	9548074
1386317288	9526347
1386403688	9531237
1386490088	9536637
1386576488	9541653
1386662888	9548212
1386749288	9556022
1386835688	9561443
1386922088	9568270
1387008488	9572559
1387094888	9578882
1387181288	9583175
1387267688	9589189
1387354088	9595780
1387440488	9601945
1387526888	9607982
1387613288	9613819
1387699688	9620395
1387786088	9623921
1387872488	9630819
1387958888	9635534
1388045288	9640746
1388131688	9647778
1388218088	9653961
1388304488	9659866
1388390888	9665368
1388477288	9670679
1388563688	9676241
1388650088	9681816
1388736488	9687962
1388822888	9694378
1388909288	9700690
1388995688	9705782
1389082088	9711670
1389168488	9718605
1389254888	9724640
1389341288	9730559
1389427688	9736571
1389514088	9743377
1389600488	9746824
1389686888	9751515
1389773288	9757531
1389859688	9764420
1389946088	9770488
1390032488	9776405
1390118888	9782583
1390205288	9787005
1390291688	9793917
1390378088	9799949
1390464488	9807006
1390550888	9813794
1390637288	9819906
1390723688	9826364
1390810088	9831504
1390896488	9837209
1390982888	9842384
1391069288	9878229
1391155688	9883266
1391242088	9890200
1391328488	9896216
1391414888	9900151
1391501288	9906466
1391587688	9913286
1391674088	9919472
1391760488	9924675
1391846888	9930840
1391933288	9937333
1392019688	9941327
1392106088	9947729
1392192488	9952826
1392278888	9959080
1392365288	9965830
1392451688	9970870
1392538088	9975887
1392624488	9979214
1392710888	9985416
1392797288	9991543
1392883688	9997745
1392970088	10002850
1393056488	10009131
1393142888	10014782
1393229288	10019381
1393315688	10025299
1393402088	10031095
1393488488	10035523
1393574888	10060110
1393661288	10052157
1393747688	10058403
1393834088	10062788
1393920488	10070549
1394006888	10077729
1394093288	10083692
1394179688	10090524
1394266088	10096359
1394352488	10102785
1394438888	10107959
1394525288	10114340
1394611688	10121085
1394698088	10091365
1394784488	10096382
1394870888	10103493
1394957288	10109312
1395043688	10112483
1395130088	10117687
1395216488	10124888
1395302888	10131973
1395389288	10138378
1395475688	10144923
1395562088	10151140
1395648488	10155772
1395734888	10162230
1395821288	10168067
1395907688	10174017
1395994088	10180186
1396080488	10184476
1396166888	10191157
1396253288	10196097
1396339688	10201286
1396426088	10207612
1396512488	10214180
1396598888	10219371
1396685288	10226443
1396771688	10233254
1396858088	10238399
1396944488	10246390
1397030888	10253752
1397117288	10260645
1397203688	10267403
1397290088	10273775
1397376488	10281785
1397462888	10287360
1397549288	10293996
1397635688	10301812
1397722088	10307780
1397808488	10315182
1397894888	10320931
1397981288	10327741
1398067688	10332867
1398154088	10338920
1398240488	10344837
1398326888	10352294
1398413288	10357027
1398499688	10363584
1398586088	10369822
1398672488	10373771
1398758888	10379558
1398845288	10386067
1398931688	10391401
1399018088	10397194
1399104488	10402597
1399190888	10408636
1399277288	10412744
1399363688	10418575
1399450088	10424762
1399536488	10430114
1399622888	10435229
1399709288	10441347
1399795688	10446081
1399882088	10450201
1399968488	10455137
1400054888	10461350
1400141288	10466763
1400227688	10472609
1400314088	10478318
1400400488	10484333
1400486888	10488463
1400573288	10495453
1400659688	10502179
1400746088	10509095
1400832488	10513677
1400918888	10520132
1401005288	10525725
1401091688	10531111
1401178088	10537442
1401264488	10542330
1401350888	10548732
1401437288	10555207
1401523688	10561006
1401610088	10568125
1401696488	10572316
1401782888	10579313
1401869288	10585293
1401955688	10591798
1402042088	10614908
1402128488	10626202
1402214888	10631555
1402301288	10621582
1402387688	10644403
1402474088	10637576
1402560488	10640818
1402646888	10646238
1402733288	10651502
1402819688	10657697
1402906088	10661613
1402992488	10668626
1403078888	10674296
1403165288	10679253
1403251688	10684441
1403338088	10690094
1403424488	10695537
1403510888	10698845
1403597288	10705051
1403683688	10710773
1403770088	10717354
1403856488	10719536
1403942888	10725442
1404029288	10730608
1404115688	10735662
1404202088	10741421
1404288488	10746695
1404374888	10752168
1404461288	10757821
1404547688	10763161
1404634088	10769084
1404720488	10772620
1404806888	10778745
1404893288	10783178
1404979688	10788785
1405066088	10793605
1405152488	10798189
1405238888	10804049
1405325288	10807709
1405411688	10813098
1405498088	10818284
1405584488	10823653
1405670888	10828954
1405757288	10834632
1405843688	10839710
1405930088	10844229
1406016488	10849493
1406102888	10854189
1406189288	10859255
1406275688	10863478
1406362088	10869030
1406448488	10874093
1406534888	10877547
1406621288	10881634
1406707688	10886790
1406794088	10891776
1406880488	10897485
1406966888	10902326
1407053288	10906654
1407139688	10911750
1407226088	10917207
1407312488	10922773
1407398888	10928173
1407485288	10932580
1407571688	10937706
1407658088	10942247
1407744488	10946445
1407830888	10950377
1407917288	10956093
1408003688	10960430
1408090088	10964973
1408176488	10969387
1408262888	10974377
1408349288	10977482
1408435688	10983225
1408522088	10988432
1408608488	10992994
1408694888	10997240
1408781288	11002333
1408867688	11007009
1408954088	11010240
1409040488	11014417
1409126888	11019406
1409213288	11024547
1409299688	11028809
1409386088	11033643
1409472488	11038497
1409558888	11042217
1409645288	11047201
1409731688	11051926
1409818088	11057461
1409904488	11062364
1409990888	11067451
1410077288	11071615
1410163688	11075524
1410250088	11080943
1410336488	11084079
1410422888	11088921
1410509288	11093479
1410595688	11098154
1410682088	11102843
1410768488	11106453
1410854888	11110857
1410941288	11115366
1411027688	11120360
1411114088	11125570
1411200488	11130302
1411286888	11135764
1411373288	11139642
1411459688	11143993
1411546088	11149346
1411632488	11153303
1411718888	11158214
1411805288	11164029
1411891688	11169291
1411978088	11174111
1412064488	11180224
1412150888	11185143
1412237288	11190961
1412323688	11196125
1412410088	11200971
1412496488	11206805
1412582888	11213114
1413965288	11303914
1414051688	11309727
1414138088	11314856
1414224488	11317425
1414310888	11322847
1414397288	11326349
1414483688	11332217
1414570088	11337574
1414656488	11342014
1414742888	11347287
1414829288	11353389
1414915688	11359512
1415002088	11363175
1415606888	11400329
1415693288	11403848
1415779688	11410086
1415866088	11418286
1415952488	11423881
1416038888	11429577
1416125288	11435596
1416211688	11439052
1416298088	11444334
1416384488	11451656
1416470888	11457208
1416557288	11462110
1416643688	11468784
1416730088	11473757
1416816488	11478022
1416902888	11480121
1416989288	11484755
1417075688	11489567
1417162088	11495051
1417248488	11500002
1417334888	11504003
1417421288	11508306
1417507688	11513971
1417594088	11518417
1417680488	11522976
1417766888	11527374
1417853288	11533141
1417939688	11537361
1418026088	11541754
1418112488	11543036
1418198888	11548120
1418285288	11552854
1418371688	11556842
1418458088	11562017
1418544488	11567718
1418630888	11570518
1418717288	11574831
1418803688	11580225
1418890088	11585863
1418976488	11590013
1419062888	11595021
1419149288	11600065
1419235688	11604066
1419322088	11609974
1419408488	11611688
1419494888	11616060
1419581288	11621191
1419667688	11627115
1419754088	11632517
1419840488	11637548
1419926888	11643549
1420013288	11648892
1420099688	11652588
1420186088	11657238
1420272488	11661553
1420358888	11665666
1420445288	11670163
1420531688	11675387
1420618088	11677582
1420704488	11680512
1420790888	11685806
1420877288	11689982
1420963688	11694678
1421050088	11699495
1421136488	11704130
1421222888	11708591
1421309288	11713067
1421395688	11717987
1421482088	11723106
1421568488	11727891
1421654888	11732136
1421741288	11737710
1421827688	11743077
1421914088	11748685
1422000488	11750494
1422086888	11755069
1422173288	11761073
1422259688	11765882
1422346088	11770024
1422432488	11773918
1422518888	11778210
1422605288	11782953
1422691688	11787294
1422778088	11791965
1422864488	11794810
1422950888	11800033
